Ind	Poids	Pression	Hues	Huefond	Lchair	ethylene	IR	AT	Glucose	Fructose	Malique
GoMo-A001	0.0655041593513023	65.7800000000001	52.9322424149603	79.5883287856154	234513.037138503	3.05574330632103	14.5747597963917	14.5747597963917	1.51696139616233	0.470579567999994	7.86907835446001
GoMo-A002	0.0547666593513034	94.7562499999992	57.5868955411417	70.5958870359939	280156.064971349	2.70767886383461	14.7747597963917	14.7747597963917	1.27974889893483	0.78215540850001	9.09939287295995
GoMo-A003	0.0648916593513019	64.3699999999999	44.4134074455853	67.0113709323037	238378.779162502	2.21372801009284			NA		
GoMo-A004	0.0669354093513027	47.925375	47.5678268203904	80.7686752625509	275366.919740889	1.70359522272317	13.8247597963917	13.8247597963917	1.54776107446436	1.243113531	10.6372819554599
GoMo-A005	0.0538566593513026	61.7249999999999	55.2587625725369	73.9530499298806	198569.046029281	3.94654570141871	13.7247597963916	13.7247597963916	1.34342880950353	1.1030631565	11.15240068396
GoMo-A006	0.0747129093513018	59.7181249999999	59.1921588337272	78.4825818187661	240398.023928001	2.61138916325425	14.8747597963917	14.8747597963917	1.32838333511531	0.851599713500001	8.74264969345991
GoMo-A007	0.0619166593513027	55.1199999999999	65.0308711517537	71.3112978477332	237078.036238437	1.70056963735272	12.5247597963917	12.5247597963917	1.44363572912293	0.848256971999998	8.53686668945999
GoMo-A008	0.0555729093513028	55.1417500000001	64.0169171710149	88.1622257045282	215517.313121704	3.41599438408582	13.1247597963917	13.1247597963917	1.22861419770043	0.848592920999999	7.63871874745993
GoMo-A009	0.0596541593513024	80.0500000000001	59.3817277265429	71.2003362535536	274753.719801	2.2205791446388	14.6247597963917	14.6247597963917	1.36333825336713	0.906773399000002	7.30578191395992
GoMo-A010	0.0653916593513023	50.1324999999997	58.0579924305814	69.5996247661489	213421.72140357	3.20143234448866	13.1247597963917	13.1247597963917	1.13147771553107	0.646708278000002	8.98891117795992
GoMo-A011	0.0621916593513021	57.7112499999999	53.0991237499259	85.4107037346624	275549.112029242	2.43332855384714	12.8747597963916	12.8747597963916	1.41104664879926	0.880078083999996	7.71994471046001
GoMo-A012	0.052629159351303	51.2187500000001	43.2460429284995	66.1039988786047	202766.051829032	2.19966012309504	14.4247597963917	14.4247597963917	1.36456679162613	0.660518554500001	9.26391554895989
GoMo-A013	0.0596404093513024	57.87375	65.7506546671419	84.4853999859148	220041.734884664	3.42830228750744	11.3247597963917	11.3247597963917	1.21892800667111	0.670233099999998	6.41497281396002
GoMo-A014	0.0705749926846356	84.8362499999997	74.1978265517476	88.7530726140298	204124.142467649	3.43683563832495	13.6747597963917	13.6747597963917	1.46924153538436	0.856295304000004	7.01119735245991
GoMo-A015	0.0601216593513027	70.7407499999999	55.4408846651984	80.2205778217982	261646.628208178	1.93537436042831	17.3747597963917	17.3747597963917	1.50490281326835	0.98524017	8.80352895245993
GoMo-A016	0.0700316593513023	65.390875	64.6860678776933	77.7302033034672	268045.510622852	2.48948538516167	12.9562724014337	12.9562724014337	1.26506441456551	0.678952472999995	11.9080687268423
GoMo-A017	0.0773729093513024	63.0882499999999	58.22447800076	73.2750572640668	203654.705436	2.86914205617145	13.3747597963917	13.3747597963917	1.2504173437304	0.545442481999999	7.61233902245999
GoMo-A018	0.0631591593513027	52.1449999999998	47.9330387362755	75.9363102398109	240960.938381351	3.23531434292913	13.4747597963917	13.4747597963917	1.26625055585534	0.795800643500005	7.0733888004599
GoMo-A019	0.0658329093513023	70.074625	73.3315384864243	81.6636721933252	219839.399309125	2.38856402264255	13.4247597963917	13.4247597963917	1.35309852647101	0.942436868999997	7.36306749995997
GoMo-A020	0.0637229093513019	48.959875	58.2854462684308	79.8269835932658	239413.018685492	2.37608050811478	16.7247597963916	16.7247597963916	1.32210860204925	0.927035017999999	7.85509602895998
GoMo-A021					NA	NA			NA		
GoMo-A022	0.0577916593513026	66.4728749999999	59.8344621757188	69.5695822601238	157822.688988	3.11683186698171	13.5247597963917	13.5247597963917	1.04599651184952	0.719998776000001	6.41959618795996
GoMo-A023	0.0549291593513023	64.79125	64.1127378452968	76.3663988410184	247643.809408899	1.86233322539088	16.6747597963918	16.6747597963918	1.38576861554966	0.807980336500003	8.79805488145988
GoMo-A024	0.0631391593513021	71.3125000000002	60.3599031335862	72.1017440916587	205536.776357758	2.23128896016302	14.9747597963917	14.9747597963917	1.2549294064314	0.726954122999998	7.84311646745998
GoMo-A025	0.0596004093513029	77.0386249999996	53.666888233448	69.0792917984304	249388.288440382	1.5499718031907	15.9747597963917	15.9747597963917	1.17484495954428	0.709570609500002	9.56514176796
GoMo-A026	0.0557166593513024	41.2913749999999	57.5788236013924	73.6948069228754	147424.132333462	3.60873395742272	12.9247597963917	12.9247597963917	1.05198234911947	0.477306164999996	6.59957723995994
GoMo-A027	0.0601291593513023	55.76375	63.8549516445725	67.2395258131584	235524.977045312	2.08893520576825	15.2747597963917	15.2747597963917	1.30577943653234	1.323422133	7.13352789895997
GoMo-A028	0.0615004093513026	61.8688749999997	67.0889850075635	82.7116790823304	224120.776960188	3.58049288190048	13.9747597963917	13.9747597963917	1.2058377861241	0.724704417500001	6.04356860145993
GoMo-A029	0.0611154093513025	50.0094999999999	59.5704029633976	66.1122381605606	235934.108152101	2.00051311272857	16.8747597963917	16.8747597963917	1.31952204012131	1.1570383655	9.96592216395995
GoMo-A030	0.0524702357401916	69.4899999999999	64.1835359567409	80.0700753444918	217759.757416015	1.57565282012094	13.5562724014337	13.5562724014337	1.36444205739929	0.580270792999995	9.85446381584231
GoMo-A031	0.0563366593513026	66.4073749999999	66.7523777988346	76.1426165469657	221205.099134523	2.15490261217641	15.6247597963917	15.6247597963917	1.27721182328653	1.008644937	9.26745649645994
GoMo-A032	0.0669041593513023	57.45875	45.5047816762673	69.8091420806613	221980.82346618	1.51939881724052	10.9247597963917	10.9247597963917	1.27271055627438	0.989107093000002	7.13314402695993
GoMo-A033	0.0628266593513019	63.0180000000002	67.9997517769736	77.295281566028	213272.795114876	3.13276656097408	13.1747597963917	13.1747597963917	1.19208549188644	0.799421157499999	6.15819369895996
GoMo-A034	0.0825154093513023	69.0515	60.2505648219662	74.8700133796993	166352.515647046	3.62379110205118	11.9247597963917	11.9247597963917	1.19919802779889	0.620044397500003	5.88467507046001
GoMo-A035	0.0713591593513023	70.6666249999999	55.5718973188641	72.1210821954977	222595.905388133	3.65013750410822	16.8562724014337	16.8562724014337	0.853734721093144	0.291545189999996	8.44887916684227
GoMo-A037	0.0704054093513023	58.6137499999999	57.0024236708429	83.9552046340517	248087.941872478	3.13913029830619	12.0747597963917	12.0747597963917	1.3882485268734	0.602869769999998	5.77015163195989
GoMo-A038	0.0673791593513024	48.2475	61.7107993929201	87.3678969903339	249171.821608836	2.26062831806537	15.6247597963917	15.6247597963917	1.28585529116745	1.0530882355	14.67638470546
GoMo-A039	0.0791904093513029	69.8369999999998	61.7536897695536	65.1588883552728	201528.290428225	2.17709544764054	14.3247597963917	14.3247597963917	1.33180726944077	1.144936721	9.16117296146
GoMo-A041	0.0646666593513027	77.2074999999998	58.1391849434963	68.8279655337765	224539.62079521	2.141250972666	15.7747597963917	15.7747597963917	1.2442950008377	0.653256826999999	5.8121820929599
GoMo-A042	0.051936659351302	56.9779999999999	62.7377166473292	87.8937507120754	308552.982549752	3.06475018213217	13.9247597963917	13.9247597963917	1.50745579996095	0.774110308999999	6.39268519846002
GoMo-A043	0.0524416593513027	58.6975	65.4439612913625	68.2662198698279	234489.202076187	1.83216594498361	12.0247597963917	12.0247597963917	1.19372561938922	0.549768473000001	6.16301624995996
GoMo-A044	0.0725416593513022	56.0087500000001	52.4968600177331	75.5121766698919	213673.693683734	3.03830205305152	13.0747597963917	13.0747597963917	1.16364173463234	0.485571639	5.40456147545996
GoMo-A045	0.0468666593513021	60.86125	65.0894618332285	75.2876893577264	248875.156120776	3.14596016137975	13.1747597963917	13.1747597963917	1.17980211943301	0.6620854325	6.02026575895994
GoMo-A046	0.0761952357401911	51.2324999999998	49.9328338332938	71.9583816651017	194784.193753172	1.50263116071989			NA		
GoMo-A047	0.0650877357401914	56.7662499999998	51.998707229294	71.0639986248021	215838.040496625	1.74549516384798			NA		
GoMo-A048	0.0457291593513025	78.7137499999998	56.8625976675509	80.3891782402719	176386.006612062	3.19722303228552	13.0562724014337	13.0562724014337	1.0681165741622	0.620039682999999	6.24295059784227
GoMo-A049	0.048917909351302	65.6387500000002	63.0375043063865	57.7404291723615	93246.2285033739	2.43731917593634	12.9247597963917	12.9247597963917	0.735078478102305	0.2587200915	9.17817795195992
GoMo-A051	0.0507629093513027	48.86125	60.9424509277102	81.2901560940846	244272.605731172	3.59559481668497	12.4247597963917	12.4247597963917	1.35672108398864	0.622011716	5.09000839495996
GoMo-A052	0.0532291593513022	75.8475000000001	63.0689054535983	87.542684747875	250093.066274782	3.15961085870365	12.2247597963917	12.2247597963917	1.25780088639336	0.6604136235	6.07118902395991
GoMo-A053	0.0589066593513028	89.9999999999996	56.9755050009453	71.0565378777498	265949.427313882	3.02140348151129	14.5747597963917	14.5747597963917	1.34842988528965	0.6480609235	5.70127312245993
GoMo-A054	0.0684891593513029	76.6693749999993	59.0751903984651	73.554537651713	229785.228968749	3.04320430982884	14.6247597963917	14.6247597963917	1.26707849675608	0.688634519499998	6.32573044145998
GoMo-A055	0.0767041593513025	65.0408749999999	64.7255417364524	78.5081290501157	197449.2720625	2.51199568290412	13.0747597963917	13.0747597963917	1.20032013509936	0.860649491499999	5.88186470496
GoMo-A056	0.0405504093513031	66.7262499999997	77.0128377024383	89.3794171093694	237505.452074639	3.31177280969643	13.4747597963917	13.4747597963917	1.16374729570601	0.758910720999998	7.0347200834599
GoMo-A057	0.0785291593513026	61.7912500000001	46.1646909757839	77.1847801604016	235227.159312672	1.73153964800391	15.9747597963917	15.9747597963917	1.41434730562652	1.040976384	12.04510700046
GoMo-A058	0.0653316593513019	54.9471250000001	58.0730852114974	84.2238789079293	170929.636182978	2.71556672650789	13.3747597963917	13.3747597963917	1.3243453258588	0.786259541999998	6.00935613495999
GoMo-A059	0.0544079093513021	59.2887499999999	51.8231488767035	80.2169583131876	254078.922083492	2.5020743752852	14.6562724014336	14.6562724014336	1.22035151206527	0.659179687999999	13.7343255668422
GoMo-A060	0.0675916593513016	61.2187499999998	67.1106487707634	80.7345386996916	246567.067963383	1.98193623196714	13.8247597963917	13.8247597963917	1.31580100684444	0.792888014000001	9.79919264445998
GoMo-A061	0.0586666593513025	61.8312499999995	59.5249460650731	73.280143592166	194892.384381953	3.88725513653324	10.8247597963917	10.8247597963917	1.09077841373304	0.441585960499997	4.8735535229599
GoMo-A062	0.0675804093513029	60.5486250000001	62.5060804129206	72.8796887233464	251126.5873995	1.30880231751947	15.2747597963917	15.2747597963917	1.35938938365693	1.158371696	7.54849517646
GoMo-A063	0.0858254093513025	53.326125	54.4825034115166	76.0941530889897	278902.957818938	2.56640788484078	12.1747597963917	12.1747597963917	1.34799924534466	0.760863469500002	8.96277270945994
GoMo-B001	0.0570927357401913	38.5622500000003	52.413752154245	71.0916227234526	197849.544283	3.7219776183122			NA		
GoMo-B002	0.0570929093513027	42.5735000000002	63.8381064403313	74.1534944327706	162109.234072969	3.79787788449594	13.9747597963917	13.9747597963917	1.21503468623239	0.836429232500002	5.76793183045993
GoMo-B003	0.0611541593513018	81.4850000000005	67.5604401291577	83.5866073812518	243587.812676837	2.4925157797581	12.9747597963917	12.9747597963917	1.1305935291367	0.4969625245	8.79464824795994
GoMo-B005	0.0667566593513024	67.0262499999998	56.1285247851572	66.2440625665544	243535.669503398	3.32851025190739	16.4247597963917	16.4247597963917	1.16563850079421	0.7556131685	7.43391151895992
GoMo-B006	0.0604329093513024	67.6739481511851	63.6878221500013	76.1358757632506	282889.49436597	3.40311044248049	13.9247597963917	13.9247597963917	1.16719811112735	0.663716289999998	6.81960512645997
GoMo-B007	0.0602916593513024	67.8758749999998	58.9889115922643	70.766796673378	228458.614206866	2.22996045911032	15.3562724014337	15.3562724014337	1.36616423427053	0.663064833	6.48090852984228
GoMo-B008	0.0648729093513025	57.1962499999999	76.6046563824544	86.347347449668	243656.73203975	3.2885109278007	12.0747597963917	12.0747597963917	1.26040645933306	0.534554606000001	5.38506942695999
GoMo-B009	0.0583691593513024	74.6436249999999	66.7150086419744	82.9805476197224	212763.410501633	3.50883732529156	12.4747597963917	12.4747597963917	1.21376369265187	0.830114983999999	7.58685660945993
GoMo-B010	0.0758254093513023	55.7808182767363	64.5121280610469	75.470118712314	169012.267350829	3.31291350084353	14.1247597963917	14.1247597963917	1.15867757143858	0.724029129499999	9.13536935245995
GoMo-B011	0.0732091593513025	62.8376249999998	46.6741880293385	76.9465406922128	220534.520018476	2.65555202287792	12.6747597963917	12.6747597963917	1.27959586265189	0.597673508500001	10.3080792589599
GoMo-B014	0.0768616593513027	63.5207499999998	69.8932180221173	84.0866999386621	299703.735146663	3.40294543855152	12.8747597963917	12.8747597963917	1.23163300141643	1.0193356695	7.61858241995995
GoMo-B016	0.0646904093513024	53.9806249999996	67.9889355572024	79.352654515554	244593.794935203	3.63550198761167	12.5747597963917	12.5747597963917	1.2898724712985	1.0611091265	5.19710218945996
GoMo-B018	0.0617579093513028	79.8262499999995	58.9429596811736	67.3046969658352	242745.42718435	2.0708234293708	16.8247597963916	16.8247597963916	1.61974087294386	1.62970917599999	11.8278424154599
GoMo-B020	0.0613641593513026	66.2306249999998	52.9049818409011	67.2454945038036	240524.832709125	2.43379247203732	14.7747597963917	14.7747597963917	1.36624218952547	1.040303658	6.10623934495996
GoMo-B021	0.0765354093513024	58.32625	53.8031889137768	67.987143459251	225417.476654563	2.33701458013412	17.0247597963917	17.0247597963917	1.50887220913383	1.472288765	7.36506287995995
GoMo-B022	0.0756677357401914	64.4169999999999	39.2340581732728	73.9330929735013	254840.104	1.41111473679567			NA		
GoMo-B024	0.0688904093513021	67.9937500000002	59.7089187841079	72.9735528755919	222065.512936821	2.39220835330893	15.4247597963917	15.4247597963917	1.25969791757354	0.899453512000002	11.50115614046
GoMo-B025	0.065065409351303	91.8474999999996	60.3732719672017	69.1658927172681	260510.206625647	2.06866992805205	14.1247597963917	14.1247597963917	1.16307712220629	0.613598285000001	7.36918090745997
GoMo-B027	0.0685329093513023	68.0850000000001	57.7772820180174	73.2027415597819	276384.776585415	2.37132322722286	13.5747597963917	13.5747597963917	1.14822714412039	0.6426713375	9.62170050395992
GoMo-B028	0.0657316593513024	58.2037499999998	58.7540274492349	75.3796942820319	207960.658676438	3.72645842731165	11.9562724014337	11.9562724014337	1.25311177993026	0.797607178000001	5.37815573784233
GoMo-B029	0.0654416593513026	82.0298749999999	56.653757122075	70.8379567021078	220179.809558117	2.45877085124919	14.6747597963916	14.6747597963916	1.28542956038465	0.930527859499996	10.27079835996
GoMo-B030	0.0435741593513024	70.908	51.1359480715195	68.7776741251458	244996.248195562	2.66850876916804	15.5562724014338	15.5562724014338	1.25801092761549	0.914935707000005	5.41688044684225
GoMo-B031	0.0504541593513024	84.5115	53.9806758240322	68.963265380421	233338.407388665	2.35996802675037	19.2747597963917	19.2747597963917	1.40202348862457	1.041821923	9.74510098095997
GoMo-B034	0.0500691593513024	83.3205000000001	55.3212643879605	74.5476792352526	259384.674762554	3.03945147774442	15.1747597963917	15.1747597963917	1.57613040173729	0.682859196	6.25537046695992
GoMo-B037	0.0630504093513024	107.288875	53.3671770077351	84.5966700226818	307821.971744001	2.23960423887942	15.6562724014337	15.6562724014337	1.49934109361412	0.963438735000002	11.9144130568423
GoMo-B038	0.0552929093513026	58.1776249999999	54.9019855646412	80.4234527866437	249869.872608398	2.7983813936966	17.0247597963916	17.0247597963916	1.35905144318521	0.950998702499997	9.62894866445995
GoMo-B039	0.0482879093513018	74.4760000000001	60.610127868842	75.6490983154416	259094.897910571	3.24851160158082	15.1747597963917	15.1747597963917	1.31780590912465	0.770713718500001	8.39590073445994
GoMo-B041	0.0651104093513025	56.104625	56.5121916666429	75.9827770772238	273038.482889445	2.1303510543942	14.6747597963917	14.6747597963917	1.29967778513954	0.629808976000001	7.11420740395993
GoMo-B042	0.0576416593513024	62.9162499999999	63.9545415060171	78.6283823178556	276748.361244977	2.03983485271011	13.6747597963917	13.6747597963917	1.32174981968188	1.091062392	7.75253891245996
GoMo-B043	0.052376659351302	75.8747500000002	56.8150768628469	75.6161636382557	207246.696249868	3.02511936858694	16.1247597963917	16.1247597963917	1.30532921649719	1.068607814	8.80033295595996
GoMo-B044	0.0662741593513026	69.2852499999998	64.4814516689602	73.10757505702	232304.374490218	2.87507792416515	13.2247597963917	13.2247597963917	1.26994135678916	0.745396124000001	9.55351408095995
GoMo-B045	0.0661616593513026	56.0987499999999	52.2443774821319	80.4102359786411	219196.412504437	2.36640757803188	17.7747597963917	17.7747597963917	1.49514900343065	0.934925371	8.22145938045995
GoMo-C001	0.0450666593513024	60.2662499999999	62.4939147946073	71.8079341932984	178063.176793086	3.18763991026138	18.7562724014337	18.7562724014337	1.26654889404239	0.962487660000004	8.24778105984229
GoMo-C002	0.0584827357401913	92.632	61.8456132390551	69.5781035341842	273012.105396078	1.8911211186812			NA		
GoMo-C003	0.0568354093513026	70.8824999999999	56.1282881654252	80.5154910137247	247539.91039093	2.83248989636094	16.5747597963917	16.5747597963917	1.39788011200427	1.2113623165	7.34915173645997
GoMo-C004	0.0595754093513023	58.8487500000001	52.4979368181066	80.3935181606652	249295.423205461	2.35123211924439	14.0562724014337	14.0562724014337	1.21386877668057	0.785854616999998	7.89699165884227
GoMo-C005	0.0662916593513026	64.4024999999999	58.7111721108588	70.6313158634236	201546.368302344	3.01628606252135	13.6562724014337	13.6562724014337	1.23778074270042	0.632295719999998	9.76936965384235
GoMo-C006	0.0586874926846358	105.280333333333	66.1412889018225	70.9808906501478	289376.169085481	1.78375894296792	14.5562724014337	14.5562724014337	1.3156593198849	0.840751731000002	7.00461383984227
GoMo-C007	0.0689304093513025	62.8212499999999	62.3294072306582	69.0198599965681	204090.062943375	1.9299090555878	12.1747597963917	12.1747597963917	1.22212936752948	0.686066678500001	8.23179650495997
GoMo-C009	0.0639791593513028	91.3526249999997	70.2717759777463	80.7507715932479	261987.716198741	2.80736339674397	13.1562724014337	13.1562724014337	1.2745000039231	0.499800079999998	8.72321704084227
GoMo-C010	0.0485716593513024	87.6375	71.9456533672562	81.7728131182435	287548.227201172	3.18946581829315	16.9247597963917	16.9247597963917	1.38294916424596	0.989749273500001	9.50730745595992
GoMo-C011	0.0404916593513024	70.43875	62.343562688446	73.5698827816115	184840.63333143	3.69003598702349	13.2247597963917	13.2247597963917	1.2223098615707	0.59488189	5.51845965195999
GoMo-C012	0.0455866593513025	82.9721249999998	54.5586687022322	68.8931410672973	233222.518413844	1.87995657887336	12.2247597963917	12.2247597963917	1.33752212853803	0.916543920999999	9.35781882095995
GoMo-C014	0.0674166593513026	60.3999999999999	61.8141202769735	70.2680924150386	207351.111494242	2.43673110158994	13.8247597963917	13.8247597963917	1.42003103882181	0.896743027999999	7.62719195745994
GoMo-C016	0.0504279093513027	60.7098750000002	64.2753677251342	77.42756386979	201437.392945852	2.97237520465876	11.8247597963917	11.8247597963917	1.07135027731785	0.449894814000001	5.26663123345996
GoMo-C017	0.0688416593513024	73.7762499999999	56.8401056239391	70.0608970992017	232196.650524563	2.63730414658343	13.2247597963917	13.2247597963917	1.18280610549159	0.7022190895	8.87080916695994
GoMo-C018	0.0849591593513022	51.8440000000001	69.1003864913755	84.4969314943382	317430.858840063	2.52724153885857	12.1247597963917	12.1247597963917	1.2097580976774	0.555391081499999	10.3558894304599
GoMo-C020	0.0644729093513026	59.5331249999999	60.6341669277672	69.6336006574316	249077.987211304	3.20776122686527	14.0247597963917	14.0247597963917	1.26165000540483	0.5187548365	8.58748873995993
GoMo-C021	0.0735666593513022	50.6975	59.4568738346166	69.3539074414355	174256.476958821	1.73962506172794	11.4562724014337	11.4562724014337	1.07408441893549	0.564555719000001	5.84514076284231
GoMo-C022	0.0631691593513027	58.9956249999999	64.582892737281	83.6877593498984	248943.260038281	3.36379294145534	13.3747597963917	13.3747597963917	1.23706776055918	0.568109828	6.82341170945993
GoMo-C023	0.0536041593513021	72.2175000000001	75.4825615346788	83.1510469388005	252461.569148508	3.894499437369	12.9562724014337	12.9562724014337	1.11400031014358	0.729998052999999	7.65175255884233
GoMo-C024	0.0412229093513022	54.83125	61.020874581165	69.2026664619437	191258.352650524	2.40444837765912	15.6747597963917	15.6747597963917	1.19419306147008	0.700988923500002	10.75997335546
GoMo-C025	0.050029159351302	54.53275	64.2498324939027	76.5226018714773	176419.69169175	2.23258377706069	15.5247597963917	15.5247597963917	1.41456119750518	1.1786420465	11.18122090046
GoMo-C026	0.0474666593513026	52.9062499999999	61.0198747610056	69.8098127228322	173802.27451668	3.44187887987105	13.9562724014337	13.9562724014337	1.15366619825667	0.459781240999999	8.82432434584231
GoMo-C027	0.0648049926846356	61.8683333333334	63.1516511244688	78.208277231571	249598.967724276	2.24391581747178	11.0562724014337	11.0562724014337	1.35754667175755	0.516021231000001	7.98542084684232
GoMo-C028	0.051327735740191	58.4435	72.1286945106649	71.5914457603649	144331.350096375	3.23410099263406			NA		
GoMo-C029	0.0762541593513027	54.045	59.9138579995191	79.3302390615255	296680.045217186	3.57280170395737	11.6562724014337	11.6562724014337	1.15055208356684	0.481370943999999	7.51158565284228
GoMo-C030	0.0510779093513022	74.5437499999999	58.4487563070439	69.0252958732564	231931.10356518	2.36964032226148	17.4247597963917	17.4247597963917	1.22301904182977	0.755116424499999	8.76230454345996
GoMo-C031	0.0512416593513026	55.8612499999999	59.5611741579057	80.9179926543547	208497.811868023	3.11428225659214	12.3247597963917	12.3247597963917	1.28799132395093	0.6544088165	6.37400933795995
GoMo-C032	0.0788116593513023	67.235346887226	60.9835374735802	79.6080765721755	278963.700100953	1.89039686235514	12.4747597963917	12.4747597963917	1.22535244195987	0.6892448485	9.90386488245994
GoMo-C034	0.0470241593513024	66.776125	55.5154650892783	78.4935779755446	230388.542312195	1.937783478031	13.7247597963917	13.7247597963917	1.36826739660331	0.8874342605	7.25226518595996
GoMo-C035	0.0618816593513023	58.9768749999999	65.9836683707674	82.6189422444925	232288.086121438	1.74444122117609	13.5247597963917	13.5247597963917	1.39223683777448	0.7307918895	8.91119849145993
GoMo-C036	0.0703166593513025	70.5054511418909	57.6930133862652	79.4544954527444	245140.042055289	2.20290133735227	11.6747597963917	11.6747597963917	1.21901298754134	0.7158873705	7.55741896145997
GoMo-C037					NA	NA			NA		
GoMo-C038	0.0648041593513026	61.4962499999999	67.3523191370612	75.0745664905178	218344.423789477	3.29803567850265	11.4562724014337	11.4562724014337	1.03614878950853	0.399480674999999	9.20603846484229
GoMo-C040	0.0446904093513024	59.0415	64.7108445307942	77.0114428436413	221883.191184712	2.8555458438544	17.2247597963917	17.2247597963917	1.45242472377233	1.043187386	8.49415403195993
GoMo-C041	0.0738202357401912	58.48275	67.1356947144966	84.7863988729153	226479.035483875	3.33163027702409			NA		
GoMo-C042	0.0679666593513025	78.1762499999999	70.9492123225143	84.6239518953505	274712.522282226	2.32553361283405	13.0562724014337	13.0562724014337	1.16665046350653	0.704841531999999	6.03296262384233
GoMo-C043	0.0711516593513025	63.7912499999999	65.6855197250472	73.4954107282986	208014.799241813	2.85567569454742	10.5562724014337	10.5562724014337	1.08603733729554	0.491448791	9.19833803884229
GoMo-C045	0.0695629093513025	56.809	61.6534268770039	80.4745993247493	285298.519456687	2.27028608619683	15.6747597963917	15.6747597963917	1.32689531640953	0.7637260715	9.16229276495994
GoMo-C047	0.0708591593513025	70.1392499999998	72.8221466830584	88.4790693596747	220171.45153768	3.24924157379404	12.6747597963917	12.6747597963917	1.25813045064303	0.614590432	4.89843615195996
GoMo-C048	0.0487754093513024	60.445	58.0102454710723	71.347970010048	241106.939598039	2.14534334691061	13.9247597963917	13.9247597963917	1.17287294170238	0.796193143	13.38688201046
GoMo-C049	0.0722979093513023	57.8960000000001	54.784820434902	74.2733229917412	216040.293626977	3.12573097529038	11.7562724014337	11.7562724014337	1.34555411373902	0.669642857	6.61312354284227
GoMo-C050	0.0534766593513026	69.8242499999999	64.0908241179107	74.3187069091027	206811.091194804	3.67530429911698	11.5562724014337	11.5562724014337	1.3114877048604	0.642927794	6.1524394678423
GoMo-C051	0.0655791593513025	91.0574999999999	58.7788236831299	83.6790971970149	330562.408465625	3.17399661967957	11.5247597963917	11.5247597963917	1.36146202282121	0.8532310165	8.02990783445995
GoMo-C052	0.0529329093513027	66.8824999999999	60.0409580924902	76.9050988336571	214092.653362437	2.0238006023538	12.7247597963917	12.7247597963917	1.15496373284007	0.604095106499999	8.44167562595995
GoMo-C053	0.0572879093513025	69.6075	64.5824850157417	81.7568647037513	262971.970015555	1.94505921160159	12.4247597963917	12.4247597963917	1.34152168563549	0.8903221245	8.18190972545994
GoMo-C054	0.0545991593513026	73.8399999999999	57.8697680111712	66.3936663020124	218474.908538195	2.14616160880022	17.4747597963917	17.4747597963917	1.32167768740683	0.990987730499999	8.75965977295995
GoMo-C055	0.0497716593513023	68.01375	53.9359042099817	67.4284715695645	224456.542710188	2.02078081051054	14.0562724014337	14.0562724014337	1.09054863853016	0.64420218	8.8260166728423
GoMo-C056					NA	NA			NA		
GoMo-C059					NA	NA			NA		
GoMo-C060	0.0722277357401914	102.16975	70.3298701573362	74.6292870718893	236717.162856	3.16968756576794			NA		
GoMo-C061	0.0449677357401914	82.5842499999999	69.2992046444385	77.2815899415396	230712.966053703	2.9079212882365			NA		
GoMo-C062	0.0561966593513024	37.7399999999999	59.9496496848925	77.2785874255809	184768.904413477	1.81405692203564	15.7562724014337	15.7562724014337	1.28272487463212	0.712180747	8.53351387284231
GoMo-C063	0.0625702357401913	87.2392499999999	70.0358251932152	73.5035111795713	181345.523761266	1.80231222274555			NA		
GoMo-C064	0.0737404093513025	46.404875	56.9955422894108	74.9140851778177	172579.054434601	3.53785266501223	14.3562724014337	14.3562724014337	1.17386232412494	0.590551180999999	6.56590463184229
GoMo-C067	0.0373452357401914	115.26	51.3439880539766	87.5626934139445	267027.778429875	2.98505832353826			NA		
GoMo-C068					NA	NA			NA		
GoMo-C069					NA	NA			NA		
GoMo-C071	0.0510880829624138	92.0599999999996	44.5182155630207	69.6704858309447	241542.474531734	1.46287573569336	14.0562724014337	14.0562724014337	1.28388147739579	1.098901099	11.3518549568423
GoMo-C072	0.0436502357401913	77.7364999999999	60.4086531025714	76.8049791789183	326264.558486766	2.97564877098438			NA		
GoMo-C073	0.0650791593513023	53.54	64.6956296401682	85.5468654790348	280591.786751133	3.19993309393917	11.9747597963917	11.9747597963917	1.22302524330914	0.816046442	10.33265333646
GoMo-C074	0.0698802357401915	51.4079999999999	70.3411112041042	73.5268358501079	171416.328875	3.13235043487013			NA		
GoMo-C075	0.0419466593513023	69.48875	66.1826089187549	73.403330932841	165778.337353	3.31701939670785	13.5747597963917	13.5747597963917	1.29738548378404	0.79314833	7.44242967295994
GoMo-C077	0.0513054093513022	65.20075	64.5567421289635	79.6572357520963	282558.963288438	1.66352266532321	16.9562724014337	16.9562724014337	1.54874634204572	0.519287834	7.4072927978423
GoMo-C078	0.052520826017969	58.1808333333333	56.0883255838547	78.8252981368521	230753.5566875	1.91203702842566	15.7562724014337	15.7562724014337	1.28335536115294	0.663716814	11.4764753468423
GoMo-C079	0.0591916593513023	64.0324999999999	58.1663327541154	74.6356163066843	174808.965781195	3.44943453684757	12.6247597963917	12.6247597963917	1.10113991091776	0.477369162	7.21201679645994
GoMo-C080	0.0566704093513026	52.1282499999999	62.0646363283696	81.9565589358591	216648.081254945	3.09554696310646	17.5562724014337	17.5562724014337	1.39225349020931	0.894632206999999	7.14431803884231
GoMo-C081	0.0477679093513025	85.8867499999999	65.7956308898199	75.7117820423801	219873.2998985	3.05707745589465	13.2247597963917	13.2247597963917	1.19272861728162	0.705121358499998	5.80763913645995
GoMo-C083	0.0462266593513025	81.3523749999999	63.5717820380802	77.5667256365812	230705.602531312	1.68668429356662	17.3562724014337	17.3562724014337	1.07523322214299	1.610671937	9.1703894438423
GoMo-C084	0.0578749926846358	61.8716666666666	55.244647997396	68.6451058483549	220041.095737339	1.8009815756146	12.6562724014337	12.6562724014337	1.20295710147951	0.623752494999999	6.87246626484229
GoMo-C085	0.0400779093513024	68.1195994352212	56.0151303041582	82.4513259324376	299879.39556057	3.82091780523315	12.4747597963917	12.4747597963917	1.28162197415616	0.4624151355	5.99791087095995
GoMo-C086	0.0651279093513024	73.1229999999999	61.982919117602	78.9410313887319	236395.067779133	2.70609896300821	13.4247597963917	13.4247597963917	1.1984996638588	0.576327195	8.83681471045995
GoMo-C087	0.0486729093513024	89.50125	64.3275864518906	72.1352882561117	273114.207458	2.8810361871908	14.0747597963917	14.0747597963917	1.27829101008074	0.5821172905	5.81291582495995
GoMo-C089	0.0776541593513024	81.8499999999999	62.1124613438394	70.4708559806395	179167.579722289	2.70700678863914	12.1247597963917	12.1247597963917	1.18598537235647	0.6219691865	6.58788613945995
GoMo-C090	0.0469166593513024	73.9618749999999	65.4398311485791	79.0631842263959	245977.839719711	2.16209643797453	16.8747597963917	16.8747597963917	1.31210638316098	0.621496024	10.39214514796
GoMo-C091	0.0548279093513024	34.53275	54.1940650814037	78.2980232689606	147787.145901492	2.81896551380634	20.7562724014337	20.7562724014337	1.26429448547401	0.701754386	6.2024264018423
GoMo-C093	0.0482404093513024	85.55725	56.3214373762104	80.1060488702795	173260.919920696	3.29711844389673	14.1562724014337	14.1562724014337	1.21149097066383	0.733855186	8.7946084858423
GoMo-C094	0.0639416593513024	64.5474999999999	63.7440291088612	71.8131482955901	288210.509376742	3.05839380578163	14.0747597963917	14.0747597963917	1.35165933228715	0.724352839	7.08210563345995
GoMo-C098	0.0545541593513025	74.8419999999999	67.1473842241828	71.9900418943951	216926.171431523	3.14344888318292	12.7562724014337	12.7562724014337	1.25491161043318	0.93503937	7.0800661078423
GoMo-C099	0.0573916593513024	69.0962499999999	48.8221576545316	79.4626061436369	210069.731938922	1.33077357590773	13.8562724014337	13.8562724014337	1.25733570815435	0.705321529	8.1668559648423
GoMo-C100	0.0430166593513024	78.2071249999999	67.9134725309356	81.1035716066947	218694.580852563	2.98467414192388	11.4562724014337	11.4562724014337	1.15595707576017	0.717608631	7.4119980138423
GoMo-C101	0.0513916593513024	49.1562499999999	65.3847304563045	81.7973903932698	259832.987189438	1.82190693990917	15.3562724014337	15.3562724014337	1.24207744967856	0.759134097	7.3414385398423
GoMo-C102	0.0522791593513023	72.42	53.0293320154607	68.6249650079937	196407.680499844	2.76987324257145	13.2247597963917	13.2247597963917	1.22509209961028	0.5710990735	6.86031686445995
GoMo-C103	0.0520277357401913	103.02075	65.8120146155135	76.7157723290003	272728.134125	3.39285768723636			NA		
GoMo-C105	0.0555402357401914	71.9499999999999	72.6428725764344	87.9793255899177	213230.918051141	3.30343311219674			NA		
GoMo-C106					NA	NA			NA		
GoMo-C107	0.0450666593513024	93.9537499999999	60.0532639964919	74.8204242151294	243771.571790578	3.28017613758976	13.0747597963917	13.0747597963917	1.32348391965611	0.6028628225	6.65159895795995
GoMo-C108	0.0584116593513024	60.7656249999999	53.3766212460931	70.2745266256703	226397.334195977	2.57178354664528	14.5747597963917	14.5747597963917	1.32261381378547	0.842097553	6.17376148545995
GoMo-C109	0.0434816593513025	87.5399999999999	58.6517731870785	72.6250403147208	194237.403521758	3.41492639797866	16.1562724014337	16.1562724014337	1.13359401859748	0.848608282	10.4594541528423
GoMo-C110	0.0403833260179691	77.0808333333332	61.8204894629957	65.4699894315061	215962.3344415	2.21503079086644	17.7562724014337	17.7562724014337	1.4080454097791	1.063829787	6.8953714628423
GoMo-C111	0.0954252357401913	97.8037499999999	65.4844728540581	83.140545561807	178810.374693359	2.8638028541765			NA		
GoMo-C112	0.0543202357401913	89.1124999999999	59.8768501702541	76.2569436760912	210830.792795984	3.24606033488222			NA		
GoMo-C113					NA	NA			NA		
Goldrich	0.0844424926846353	58.563541666668	57.731258759665	65.8836448832072	187782.098925222	2.38065833757172	12.4580931263916	12.4580931263916	1.27420963488623	0.654024862499997	10.73312347546
Moniqui	0.0723198885179691	53.0180208333333	59.5027736404879	87.3073666727187	268112.473722914	3.6788437895136	14.1247597963917	14.1247597963917	1.42064888692665	0.9051501455	5.01424520445995
