1	0.637543622880542	0.243953352546176	0.461036786497602	0.334688027909528	0.202572781511384	0.626190781950438	0.565301606934764	0.669540264242841	0.600546140427983	0.463944755551997	0.571411170467201
2	0.487109720411658	0.315512608247036	0.50576691725081	0.581875350563235	0.298379965094893	0.515010001114209	0.5663658757616	0.548886414585944	0.447997923447664	0.571585443956415	0.468503680908764
3	0.645801012822045	0.344394767530955	0.370369078715615	0.476630714254719	0.440949869690383	0.650151170955047	0.563246200576086	0.604413980152417	0.430714346786267	0.284707962723514	0.525320159019651
4	0.633096944587372	0.38583428284772	0.265121157029085	0.51627342637943	0.478401301264371	0.682230208882395	0.5875366006385	0.445606505388478	0.337114892464225	0.58691539973084	0.568070386530764
5	0.670975485417799	0.113505285779019	0.402191514863832	0.349964656608287	0.467709720464576	0.552915228247141	0.555521054160233	0.57607292460987	0.650572484376544	0.509935271531943	0.423994242190703
6	0.588119178997346	0.273003598170649	0.380704050455271	0.489993173092941	0.321619718035008	0.660781768843289	0.406508473375691	0.574303813688716	0.737006544238903	0.177852849091698	0.487811072644289
7	0.528688393399568	0.49178623678726	0.275735481098398	0.541132357563331	0.361310512374366	0.728234954763745	0.459693306803368	0.691169797713375	0.620417032429001	0.442582669352128	0.626041632266937
8	0.473890301169304	0.390381750906679	0.493532029539123	0.198372941612889	0.577031722841844	0.713864710985865	0.498004314881276	0.428026164742308	0.536412797422041	0.530729663655184	0.678741392082552
9	0.602851525354277	0.320812965789451	0.260084851710948	0.564023629184369	0.465574131396443	0.644568825212315	0.502305483649607	0.42926494188536	0.413663022500127	0.556469465319545	0.56844932394866
10	0.362435827555395	0.314887959719498	0.362522408613705	0.509747082851262	0.588655319329238	0.627090641454457	0.390600792996351	0.511741883773901	0.594215159248328	0.506153348145301	0.581566156990246
11	0.570412782433712	0.325866238918818	0.270932055919491	0.542385330818825	0.40106030645577	0.812616613052363	0.71482786910192	0.500112061018318	0.429681362685484	0.67047021151477	0.7073750973064
12	0.730075836798917	0.43602903472886	0.369371487794374	0.36716285359307	0.334646682467183	0.629326004003091	0.357086256233742	0.485133327204582	0.530309533499099	0.608825956698133	0.558574040978436
13	0.552561400348781	0.291779545242121	0.397056160760017	0.502431256364887	0.513890944206825	0.685435292724948	0.612776064870791	0.556917761969553	0.68300345041451	0.642869954657617	0.520400588040636
14	0.75596780060562	0.118191869160397	0.555794645395594	0.502611771912959	0.599743602481438	0.717550393089625	0.603269361552164	0.376038756783233	0.667405409871421	0.594671301552783	0.475856087606587
15	0.489352066189933	0.189051816895717	0.354988526818046	0.565064965795367	0.224662246704007	0.665195887592949	0.508109851000331	0.54172358870235	0.367947469533625	0.517607786198119	0.704653647979896
16	0.559473838734302	0.0609457371646498	0.280636908075503	0.556098698334042	0.339524552114659	0.72523928560429	0.480098136922787	0.679954060317105	0.527544075201452	0.626413374355121	0.593200598890143
17	0.287676593776708	0.244490876460115	0.320821917479409	0.207405298463492	0.510095904369659	0.720136821102957	0.562499933850808	0.607456169536009	0.647629622090078	0.612881100238972	0.684542580845956
18	0.634881897628483	0.368036171072057	0.336918225175059	0.509587853713219	0.344829266512362	0.635228561220273	0.36123297719462	0.720623110988137	0.425623529371408	0.584744798921872	0.425432829154894
19	0.626326536737589	0.256738092742408	0.366819618806142	0.424711153903582	0.514644351422866	0.77273272835327	0.506117096657711	0.500723044854385	0.670375620074599	0.549170405502754	0.578042511376293
20	0.355029100534953	0.406224376126305	0.181291128630017	0.373935642248283	0.406496927227001	0.731789254826843	0.448479375139573	0.467350886466893	0.343558333899673	0.505241160537537	0.521715514992664
21	0.534049141747286	0.0878024973605442	0.373724228234033	0.585759131323516	0.548167913817045	0.839460350390735	0.635827385707599	0.642869331691949	0.426303317072887	0.621718133201208	0.6630056553015
22	0.637760586231485	0.405122870417243	0.48598302053057	0.532018301831867	0.358251985581509	0.704034488993699	0.30568019232362	0.661592640686718	0.611362569499012	0.59025325840825	0.687354026049597
23	0.623203120896905	0.446751328047584	0.293478799669304	0.51662037641877	0.475305092334823	0.76361629818844	0.609092706662154	0.545767271990575	0.261748684340145	0.697971186115779	0.454705262146938
24	0.699601759625839	0.424285470667966	0.139129113230212	0.371164721931589	0.491702866140945	0.77146913839834	0.405044519051962	0.530219096371419	0.479390841327534	0.616460483009075	0.599988005312062
25	0.547722059875778	0.249247661064039	0.34462213494067	0.478909381699075	0.375448170009794	0.690046427222897	0.509922662712832	0.584912979235309	0.487739168511895	0.667146908859509	0.750236751032579
26	0.630819027782429	0.186995595712304	0.278839973498034	0.619925338408124	0.417836245149253	0.673144374066322	0.619497797880294	0.693368470092172	0.472629819813214	0.655199797902474	0.676233745447778
27	0.551135530388943	0.338347956744343	0.260945548460607	0.497848338718072	0.508062015681848	0.730119489008466	0.499412237900026	0.557321615642296	0.534028567414373	0.596780561393376	0.575107161462352
28	0.583971389210718	0.421456834016569	0.1859596158767	0.620121273859786	0.40369275196021	0.747456968564982	0.287011971436167	0.629930932863461	0.386858119538739	0.624336818879093	0.530636458700551
29	0.637035881691947	0.20950400199003	0.328225713103808	0.552459940327134	0.224913210462648	0.694670353302438	0.319437308035648	0.661773330300522	0.551373355205323	0.562621642033923	0.567214168220474
30	0.519976679976613	0.330933839039944	0.553137776848232	0.342343966211827	0.391646645292431	0.842548835485822	0.640027365592606	0.592115145801263	0.38614468464114	0.625714521467955	0.579197233834973
31	0.411758197684832	0.33706443922976	0.491415291026643	0.628264648753531	0.257782821825144	0.686568351841132	0.584293898584024	0.59239095699099	0.436334055363289	0.447862537145716	0.473042447969332
32	0.60908570741495	0.191985612780303	0.333599344956142	0.551619831081061	0.485269334648283	0.601954992687034	0.552311184992036	0.597608342738114	0.429193315006626	0.413884182038491	0.703015762784789
33	0.529146192745512	0.340655106674761	0.449407750932764	0.595657252657598	0.30423392018855	0.609005919016015	0.719842143409616	0.512290090520266	0.453829347060257	0.658146199976953	0.642094264740326
34	0.688798177069702	0.205853121854977	0.190341762337751	0.348981399723711	0.401654498725663	0.642272383069022	0.645598982484308	0.533509777561341	0.529965950717272	0.733573027355132	0.396994082091356
35	0.45478366673128	0.167216165542655	0.269300690655737	0.394070496940907	0.581701456749299	0.779251915312439	0.645007673818196	0.609775976467915	0.297618754722989	0.552656844846935	0.721762003709114
36	0.601204901260577	0.304388522930325	0.406191469006772	0.515312777391164	0.438885022158198	0.760787597352345	0.486020685730574	0.646696565960352	0.457818706640392	0.503763378183171	0.659769386028862
37	0.621075376878098	0.185718972249517	0.392811912300289	0.539846551510778	0.509512649014734	0.609299691079161	0.487680979084826	0.662864174459504	0.606054493991268	0.563474072918743	0.567092834199604
38	0.677072520446746	0.359098653690994	0.37148787676283	0.410530912852347	0.336744062481333	0.741422450633283	0.572681469765102	0.601891282803466	0.29593321712643	0.634659562038211	0.652059938290035
39	0.551565375884398	0.0634997437520805	0.511626859343383	0.318378713355158	0.516138601405333	0.68203696299712	0.639666976879843	0.451859868065259	0.584737622901221	0.615250098979315	0.657275069323007
40	0.560440276319954	0.154931157605942	0.241391565924352	0.381102490487406	0.38866670385333	0.738072650301064	0.616007099844634	0.67693813002206	0.778797063976191	0.574329732945088	0.497473695557623
41	0.479076512356191	0.325028464572272	0.603611762576629	0.374075167063757	0.433288733803633	0.655225476436292	0.524085627377043	0.758954966665659	0.642101101143555	0.503910969514344	0.687823450976554
42	0.692177369585248	0.201419264113113	0.28187795271723	0.517465989182917	0.448988142888803	0.69884610188355	0.663209789372199	0.40715377368521	0.620094539153977	0.537608749618447	0.544935343360245
43	0.583180896566139	0.586150936494352	0.236018317128134	0.511409583541454	0.213989718066272	0.756852736330693	0.227941047972823	0.327114713638519	0.483002071380076	0.53969998483295	0.497151913240132
44	0.614002421279676	0.275022529958073	0.459452283888704	0.444213552830075	0.388736842368857	0.7706723877766	0.547327341205636	0.412012853379585	0.544824157052354	0.604709280765597	0.722314757076093
45	0.597522467682199	0.423262106306585	0.475767591020074	0.39860256720885	0.369253963000822	0.718749286870139	0.545363550826551	0.402172066242163	0.281456985314959	0.584173188522735	0.58801090712799
46	0.441891014783716	0.429800044544287	0.469679732260059	0.498612308891976	0.472317268440496	0.716338587705609	0.480225845800177	0.593086811317475	0.419471089847051	0.657160851489506	0.626295755535071
47	0.48796374745627	0.0968858779172764	0.371921210049926	0.335520760339156	0.531121246844992	0.72600022467383	0.453157779065322	0.663720869003213	0.282665481216708	0.678866935900235	0.609588625807021
48	0.664679514022086	0.0821444108303026	0.468748529034695	0.393605347830408	0.56313282958593	0.765955859232502	0.498334718682497	0.369426412346353	0.57022314698246	0.515767239851346	0.671372420035582
49	0.662388375245147	0.140589218142667	0.60348700786873	0.384989173794215	0.270721017138279	0.729701504763827	0.706047536391714	0.561472422487977	0.465221144695116	0.520342588169461	0.543753232575151
50	0.59017116896072	0.209858237750244	0.341230264423335	0.48215923527341	0.52925806107344	0.779301189585374	0.680472600311937	0.56192437550801	0.381558284824463	0.350045039796607	0.559833413315687
51	0.657899679903231	0.384834440063429	0.436464661087768	0.583587274158005	0.548386498088091	0.767997458406965	0.508421208226663	0.691819819956424	0.26747163153842	0.568020811454003	0.707521094159989
52	0.436236951535542	0.532338448474188	0.375503154921863	0.494684252439741	0.525551231448455	0.731019173536479	0.471091565497732	0.498252135837133	0.657860947719696	0.695949265337035	0.54982572954053
53	0.512856977223153	0.38925235806662	0.500386251114834	0.465237552978859	0.655504788445184	0.725646618151516	0.606674888517714	0.437452962453193	0.711176235750981	0.677103833449647	0.557245622300214
54	0.702033861043473	0.196794295677104	0.319346377737825	0.534575220356828	0.258008815220585	0.694226197448439	0.331308724107898	0.64201140963396	0.69858323904793	0.62963775644085	0.587999147105781
55	0.660983306201594	0.19718953779794	0.486688341820117	0.431492702348272	0.469618823795466	0.661594212275738	0.490335133653097	0.344643969865592	0.471105030973507	0.547227839047255	0.825937652516347
56	0.423720312126229	0.311711425627125	0.464724864929209	0.478568828312769	0.539394595589179	0.765558231710464	0.652092907752249	0.459393886754693	0.630014299421397	0.441371043236462	0.547618345899647
57	0.388265919694472	0.0370772233132825	0.329985950047737	0.531484176519744	0.419693837457449	0.652346219902164	0.609706471951051	0.611308493428379	0.756864806826864	0.676689685900248	0.684100033014226
58	0.416936471129602	0.276413702934512	0.209466941141205	0.679926215571947	0.30557913772209	0.659518675659753	0.437357427994218	0.683448095437667	0.700138249090293	0.462788228657168	0.517511891710075
59	0.615968662806438	0.365737507984458	0.484402967040165	0.486566271354325	0.5831952339778	0.701698093526938	0.569384424864588	0.55486660229391	0.627212647696481	0.574045277741031	0.549550026320398
60	0.44863512651144	0.167384751852074	0.541896409562469	0.515256344048251	0.254557031671085	0.839978371934468	0.501354735708201	0.59903761934007	0.432963632676847	0.649383601767402	0.541035571796693
61	0.417791488247025	0.167843099359883	0.401150398094288	0.588111364329308	0.223171463561668	0.696941624069783	0.507876506830207	0.436355945303739	0.454073923989174	0.502362878042522	0.670670144902528
62	0.53580673947879	0.424974194106886	0.302066040866948	0.479911259945326	0.452289008593084	0.754021458677806	0.722740829466187	0.469343799960892	0.405394092666456	0.515663239582317	0.643681591762905
63	0.519111309667742	0.338646177494853	0.426394637647714	0.513409906838848	0.417466242627643	0.687500338708454	0.317860958455191	0.601765570651843	0.563027900627689	0.684818408795405	0.477631842242658
64	0.429564706324019	0.290240415823553	0.440990363219461	0.598990305615977	0.550875307389344	0.8040236280146	0.308125144962024	0.334709806285096	0.567257910613879	0.376265357162824	0.645883057250518
65	0.726220162158854	0.341324600858172	0.288793121788405	0.306069431061558	0.317323973575589	0.609044623699631	0.631917582046438	0.490804895732951	0.58441010801234	0.546738012502151	0.720417627405714
66	0.606952040640199	0.227514654377697	0.250018839051912	0.591809559316333	0.323987403948869	0.747278049765714	0.484442904135603	0.500192224311796	0.510097700066693	0.510422748595036	0.531124469625035
67	0.485553848975478	0.329592435173293	0.220687875896311	0.318994481964856	0.597528943199892	0.71328433108743	0.500257975147022	0.438314401857503	0.482360517346337	0.611524188613	0.697596306303156
68	0.566612421895404	0.192287219808646	0.220623524564946	0.578011757364334	0.621961985925757	0.598083896132808	0.532626183093273	0.619391570817755	0.391824485061763	0.471697869871511	0.60268916886092
69	0.429931257044363	0.370837241578177	0.384754299388908	0.516111708089346	0.469822759199643	0.759747849220938	0.303222384312787	0.654266216290815	0.4859239610549	0.551398166662742	0.609121259743062
70	0.518487084903503	-0.0932142464166584	0.412829831709511	0.360002005552119	0.53842893429844	0.748277480595342	0.49213211550965	0.546502333266518	0.632606292910495	0.776361885926426	0.744266508406151
71	0.585169052608385	0.26888201727059	0.0560287511815528	0.5052775212433	0.168416309492757	0.742611770164268	0.482170092452151	0.5631685329136	0.49950065162205	0.611287252719199	0.673825911757626
72	0.557996450324543	0.418152093787459	0.354887507048314	0.505836944946243	0.0513432639456492	0.71350176710492	0.654349073312575	0.513856147919125	0.543659921593584	0.367598930975655	0.54033940318543
73	0.274782812467097	0.268043373340708	0.39068357420185	0.474564880917537	0.467392271870687	0.795899650164815	0.604198139442825	0.38345832883533	0.536958447345659	0.543919105150953	0.579997297350938
74	0.511928165805005	0.302517122718108	0.294843220511983	0.46232613373743	0.456193108551336	0.691894829915667	0.356164512255106	0.507444398337436	0.689587506221318	0.328682122956666	0.674144177730858
75	0.649319075667126	0.275775737394862	0.332919251576415	0.342423020369396	0.436920506299259	0.735979197681421	0.667919332351411	0.578170331609948	0.596982200593537	0.433151619080869	0.611007026718206
76	0.562908986823063	0.298716557214447	0.330553269242997	0.565109572540245	0.479835858827973	0.76376238004458	0.662606548462368	0.787522164760935	0.483339187514537	0.799026645545471	0.437883520099716
77	0.592596037261822	0.109723691187646	0.349979668995651	0.636901441813908	0.287840626467995	0.774587073181197	0.483582975093907	0.418234916454781	0.5021113801504	0.590418364652274	0.624367448024692
78	0.646300082548763	0.454065902143131	0.316743592980642	0.414882658191623	0.14104001813476	0.696163837697532	0.63441817897537	0.183279374520661	0.58695195364437	0.751938996604083	0.717024394428878
79	0.517216790832137	0.258188629820935	0.399845354303225	0.480118182421373	0.381873706232393	0.799769837019259	0.509406479901582	0.354333717282377	0.572844681132696	0.52995327456509	0.554646605659684
80	0.297675974632483	0.132514722770105	0.229753245915912	0.470826058930781	0.498563825710254	0.776056332496123	0.443291620581546	0.255146462021111	0.787594107218635	0.46370564001688	0.703380697294238
81	0.567869785225578	0.0928899387720659	0.454413793847694	0.274064953210917	0.355109598609995	0.656826051349237	0.569766177845674	0.491095786606825	0.490046832566413	0.570979233749197	0.650015461776871
82	0.476428208622204	0.171586697233154	0.303555466583442	0.573394521600603	0.486716509948521	0.755789356537895	0.419662284382763	0.668238234178383	0.530631717756731	0.488590672971611	0.655493173620645
83	0.683578446370154	0.257172672860659	0.394882041232772	0.371021032403056	0.355564862364829	0.753669837969449	0.477169425538954	0.373137221505657	0.41107564591911	0.543008736022979	0.76009600213025
84	0.605020695378927	0.234029000351276	0.20506309829638	0.640874590419627	0.53246617130331	0.712123225129943	0.566919652807579	0.339530193182829	0.429662840826037	0.704217573308731	0.551427252941833
85	0.66212509440216	0.306416247811294	0.44164517638617	0.470198011907104	0.50714633675752	0.735127040275146	0.543104391725046	0.716697881996823	0.665085676008642	0.253534591968083	0.500527625042211
86	0.302695792048744	0.256415980367593	0.38046891046263	0.521296903696494	0.363675980494462	0.6960731687038	0.608424005840062	0.375009233650062	0.54968815668315	0.416561512831141	0.576170176885736
87	0.632293492878626	0.241777514760458	0.472015425570044	0.630622180952781	0.595510426489669	0.736385326559478	0.511486546817847	0.377264292766025	0.499869253898319	0.676834897304739	0.504678694255808
88	0.458730500121893	0.30883121237701	0.548460779032539	0.664835538492837	0.619469649332184	0.689484706382845	0.657346830273056	0.645865618245237	0.388032291824295	0.398882545877771	0.614835532167927
89	0.690174237204958	0.415379669034786	0.506936351549228	0.307188159690287	0.488316779964723	0.579686015549273	0.721856332788003	0.621627207501864	0.34649334782624	0.667612346924845	0.6041919971717
90	0.564746311230242	0.0768896927566673	0.546451152052846	0.598447038738589	0.415496599743334	0.802448486904017	0.502776922297756	0.535524457429752	0.387528469228709	0.542820434653162	0.532829339117525
91	0.678943199267127	0.319337359539755	0.135391245814592	0.594106588816425	0.512550641987967	0.806409062848872	0.532595213489705	0.430335242814149	0.368722441138241	0.562681656578101	0.580899369573202
92	0.402360593699534	0.219883732681218	0.414752668972865	0.660846556142468	0.459466344206761	0.664240170672953	0.445728838879322	0.598771585545556	0.301045972619713	0.652349479470376	0.547349995971311
93	0.608101672551063	-0.0167499828670212	0.493624223671496	0.457012253012444	0.48341586322875	0.714842190140245	0.44829706482942	0.664890432222157	0.418932462807033	0.567604189827592	0.526892300470011
94	0.526171156452792	0.266873293085763	0.327152430085399	0.533205837754495	0.452517421459785	0.757808554417113	0.687419494167844	0.427811597421352	0.55286125463174	0.663775761203899	0.646210075722178
95	0.488910090558616	0.186532748559663	0.367650785212261	0.440305092176338	0.309765940719031	0.695627832011649	0.713673419006072	0.653966241201014	0.489455742594001	0.536868917825025	0.610204020329664
96	0.412924276347721	0.274491087453285	0.379124088190753	0.528794602291286	0.379752772961612	0.743332980946222	0.498466886011691	0.608093539383769	0.514231425258028	0.716255321595608	0.684695923831834
97	0.377344992112006	0.137365936631608	0.401695630733825	0.408602901133313	0.434007151463511	0.757601375576807	0.461106620014102	0.735679048900342	0.649249738148405	0.472970781563913	0.616026504582666
98	0.63404819210278	0.237659110404533	0.494819349586885	0.380549486330105	0.496154178133368	0.636977445094973	0.645136251382362	0.572339583135587	0.55603321982126	0.598091473336181	0.672159834518331
99	0.46537022317515	0.369522203055134	0.178873234125702	0.526596021450766	0.311415081146545	0.604049484663621	0.378159833614537	0.53326026093763	0.476589156099796	0.399034709034171	0.528139653014697
100	0.708340432453554	0.259810447819556	0.412194671111552	0.496926900415943	0.463352163199211	0.776853827118238	0.581499301643001	0.552693163987983	0.36524339259046	0.524897623404358	0.529575144180277
